1716.652710 -0.000000
1716.715210 0.000000
1716.777710 -0.000000
1716.840210 0.000000
1716.902710 -0.000000
1716.965210 0.000000
1717.027710 -0.000000
1717.090210 0.000000
1717.152710 -0.000000
1717.215210 0.000000
1717.277710 -0.000000
1717.340210 0.000000
1717.402710 -0.000000
1717.465210 0.000000
1717.527710 -0.000000
1717.590210 0.000000
1717.652710 -0.000000
1717.715210 0.000000
1717.777710 -0.000000
1717.840210 0.000000
1717.902710 -0.000000
1717.965210 0.000000
1718.027710 -0.000000
1718.090210 0.000000
1718.152710 -0.000000
1718.215210 0.000000
1718.277710 -0.000000
1718.340210 0.000000
1718.402710 -0.000000
1718.465210 0.000000
1718.527710 -0.000000
1718.590210 0.000000
1718.652710 -0.000000
1718.715210 0.000000
1718.777710 -0.000000
1718.840210 0.000000
1718.902710 -0.000000
1718.965210 0.000000
1719.027710 -0.000000
1719.090210 0.000000
1719.152710 -0.000000
1719.215210 0.000000
1719.277710 -0.000000
1719.340210 0.000000
1719.402710 -0.000000
1719.465210 0.000000
1719.527710 -0.000000
1719.590210 0.000000
1719.652710 -0.000000
1719.715210 0.000000
1719.777710 -0.000000
1719.840210 0.000000
1719.902710 -0.000000
1719.965210 0.000000
1720.027710 -0.000000
1720.090210 0.000000
1720.152710 0.000000
1720.215210 -0.000000
1720.277710 0.000000
1720.340210 -0.000000
1720.402710 0.000000
1720.465210 0.000000
1720.527710 0.000000
1720.590210 0.000000
1720.652710 0.000000
1720.715210 -0.000000
1720.777710 0.000000
1720.840210 -0.000000
1720.902710 0.000000
1720.965210 -0.000000
1721.027710 0.000000
1721.090210 -0.000000
1721.152710 0.000000
1721.215210 -0.000000
1721.277710 0.000000
1721.340210 -0.000000
1721.402710 0.000000
1721.465210 -0.000000
1721.527710 0.000000
1721.590210 -0.000000
1721.652710 0.000000
1721.715210 -0.000000
1721.777710 0.000000
1721.840210 -0.000000
1721.902710 0.000000
1721.965210 -0.000000
1722.027710 0.000000
1722.090210 -0.000000
1722.152710 0.000000
1722.215210 -0.000000
1722.277710 0.000000
1722.340210 -0.000000
1722.402710 0.000000
1722.465210 -0.000000
1722.527710 0.000000
1722.590210 -0.000000
1722.652710 0.000000
1722.715210 -0.000000
1722.777710 0.000000
1722.840210 -0.000000
1722.902710 0.000000
1722.965210 -0.000000
1723.027710 0.000000
1723.090210 -0.000000
1723.152710 0.000000
1723.215210 -0.000000
1723.277710 0.000000
1723.340210 -0.000000
1723.402710 0.000000
1723.465210 0.000000
1723.527710 0.000000
1723.590210 0.000000
1723.652710 0.000000
1723.715210 -0.000000
1723.777710 0.000000
1723.840210 -0.000000
1723.902710 0.000000
1723.965210 -0.000000
1724.027710 0.000000
1724.090210 -0.000000
1724.152710 0.000000
1724.215210 -0.000000
1724.277710 0.000000
1724.340210 -0.000000
1724.402710 0.000000
1724.465210 0.000000
1724.527710 0.000000
1724.590210 0.000000
1724.652710 0.000000
1724.715210 -0.000000
1724.777710 0.000000
1724.840210 -0.000000
1724.902710 0.000000
1724.965210 -0.000000
1725.027710 0.000000
1725.090210 -0.000000
1725.152710 0.000000
1725.215210 -0.000000
1725.277710 0.000000
1725.340210 -0.000000
1725.402710 0.000000
1725.465210 0.000000
1725.527710 0.000000
1725.590210 0.000000
1725.652710 0.000000
1725.715210 0.000000
1725.777710 0.000000
1725.840210 -0.000000
1725.902710 0.000000
1725.965210 -0.000000
1726.027710 0.000000
1726.090210 -0.000000
1726.152710 0.000000
1726.215210 -0.000000
1726.277710 0.000000
1726.340210 0.000000
1726.402710 0.000000
1726.465210 0.000000
1726.527710 0.000000
1726.590210 0.000000
1726.652710 0.000000
1726.715210 0.000000
1726.777710 0.000000
1726.840210 -0.000000
1726.902710 0.000000
1726.965210 -0.000000
1727.027710 0.000000
1727.090210 -0.000000
1727.152710 0.000000
1727.215210 -0.000000
1727.277710 0.000000
1727.340210 0.000000
1727.402710 0.000000
1727.465210 0.000000
1727.527710 0.000000
1727.590210 0.000000
1727.652710 0.000000
1727.715210 0.000000
1727.777710 0.000000
1727.840210 -0.000000
1727.902710 0.000000
1727.965210 -0.000000
1728.027710 0.000000
1728.090210 -0.000000
1728.152710 0.000000
1728.215210 -0.000000
1728.277710 0.000000
1728.340210 0.000000
1728.402710 0.000000
1728.465210 0.000001
1728.527710 0.000001
1728.590210 0.000001
1728.652710 0.000001
1728.715210 0.000000
1728.777710 0.000000
1728.840210 -0.000000
1728.902710 0.000000
1728.965210 -0.000000
1729.027710 0.000000
1729.090210 -0.000000
1729.152710 0.000000
1729.215210 -0.000000
1729.277710 0.000000
1729.340210 0.000000
1729.402710 0.000001
1729.465210 0.000001
1729.527710 0.000002
1729.590210 0.000001
1729.652710 0.000001
1729.715210 0.000000
1729.777710 0.000000
1729.840210 -0.000000
1729.902710 0.000000
1729.965210 -0.000000
1730.027710 0.000000
1730.090210 -0.000000
1730.152710 0.000000
1730.215210 -0.000000
1730.277710 0.000000
1730.340210 0.000001
1730.402710 0.000001
1730.465210 0.000002
1730.527710 0.000003
1730.590210 0.000003
1730.652710 0.000002
1730.715210 0.000001
1730.777710 0.000000
1730.840210 0.000000
1730.902710 0.000000
1730.965210 -0.000000
1731.027710 0.000000
1731.090210 -0.000000
1731.152710 0.000000
1731.215210 0.000000
1731.277710 0.000000
1731.340210 0.000001
1731.402710 0.000003
1731.465210 0.000004
1731.527710 0.000006
1731.590210 0.000005
1731.652710 0.000003
1731.715210 0.000002
1731.777710 0.000001
1731.840210 0.000000
1731.902710 0.000000
1731.965210 -0.000000
1732.027710 0.000000
1732.090210 -0.000000
1732.152710 0.000000
1732.215210 0.000000
1732.277710 0.000001
1732.340210 0.000002
1732.402710 0.000005
1732.465210 0.000008
1732.527710 0.000011
1732.590210 0.000010
1732.652710 0.000007
1732.715210 0.000003
1732.777710 0.000001
1732.840210 0.000000
1732.902710 0.000000
1732.965210 -0.000000
1733.027710 0.000000
1733.090210 -0.000000
1733.152710 0.000000
1733.215210 0.000000
1733.277710 0.000001
1733.340210 0.000004
1733.402710 0.000009
1733.465210 0.000015
1733.527710 0.000019
1733.590210 0.000018
1733.652710 0.000012
1733.715210 0.000006
1733.777710 0.000002
1733.840210 0.000000
1733.902710 0.000000
1733.965210 -0.000000
1734.027710 0.000000
1734.090210 -0.000000
1734.152710 0.000000
1734.215210 0.000000
1734.277710 0.000002
1734.340210 0.000007
1734.402710 0.000017
1734.465210 0.000029
1734.527710 0.000036
1734.590210 0.000033
1734.652710 0.000022
1734.715210 0.000011
1734.777710 0.000004
1734.840210 0.000001
1734.902710 0.000000
1734.965210 -0.000000
1735.027710 0.000000
1735.090210 -0.000000
1735.152710 0.000000
1735.215210 0.000001
1735.277710 0.000004
1735.340210 0.000013
1735.402710 0.000031
1735.465210 0.000052
1735.527710 0.000065
1735.590210 0.000059
1735.652710 0.000039
1735.715210 0.000019
1735.777710 0.000007
1735.840210 0.000002
1735.902710 0.000000
1735.965210 -0.000000
1736.027710 0.000000
1736.090210 -0.000000
1736.152710 0.000000
1736.215210 0.000002
1736.277710 0.000008
1736.340210 0.000024
1736.402710 0.000056
1736.465210 0.000094
1736.527710 0.000117
1736.590210 0.000106
1736.652710 0.000071
1736.715210 0.000035
1736.777710 0.000013
1736.840210 0.000003
1736.902710 0.000001
1736.965210 0.000000
1737.027710 0.000000
1737.090210 -0.000000
1737.152710 0.000001
1737.215210 0.000003
1737.277710 0.000014
1737.340210 0.000043
1737.402710 0.000100
1737.465210 0.000168
1737.527710 0.000207
1737.590210 0.000188
1737.652710 0.000125
1737.715210 0.000061
1737.777710 0.000022
1737.840210 0.000006
1737.902710 0.000001
1737.965210 0.000000
1738.027710 0.000000
1738.090210 0.000000
1738.152710 0.000001
1738.215210 0.000006
1738.277710 0.000025
1738.340210 0.000078
1738.402710 0.000178
1738.465210 0.000298
1738.527710 0.000367
1738.590210 0.000332
1738.652710 0.000221
1738.715210 0.000108
1738.777710 0.000039
1738.840210 0.000010
1738.902710 0.000002
1738.965210 0.000000
1739.027710 0.000000
1739.090210 0.000000
1739.152710 0.000002
1739.215210 0.000010
1739.277710 0.000044
1739.340210 0.000135
1739.402710 0.000309
1739.465210 0.000518
1739.527710 0.000637
1739.590210 0.000576
1739.652710 0.000383
1739.715210 0.000187
1739.777710 0.000067
1739.840210 0.000018
1739.902710 0.000004
1739.965210 0.000000
1740.027710 0.000000
1740.090210 0.000000
1740.152710 0.000003
1740.215210 0.000018
1740.277710 0.000077
1740.340210 0.000237
1740.402710 0.000538
1740.465210 0.000900
1740.527710 0.001105
1740.590210 0.000997
1740.652710 0.000662
1740.715210 0.000322
1740.777710 0.000116
1740.840210 0.000030
1740.902710 0.000006
1740.965210 0.000001
1741.027710 0.000000
1741.090210 0.000001
1741.152710 0.000006
1741.215210 0.000031
1741.277710 0.000131
1741.340210 0.000404
1741.402710 0.000918
1741.465210 0.001531
1741.527710 0.001878
1741.590210 0.001692
1741.652710 0.001121
1741.715210 0.000545
1741.777710 0.000195
1741.840210 0.000051
1741.902710 0.000010
1741.965210 0.000001
1742.027710 0.000000
1742.090210 0.000001
1742.152710 0.000009
1742.215210 0.000053
1742.277710 0.000223
1742.340210 0.000689
1742.402710 0.001563
1742.465210 0.002603
1742.527710 0.003187
1742.590210 0.002867
1742.652710 0.001895
1742.715210 0.000920
1742.777710 0.000329
1742.840210 0.000086
1742.902710 0.000017
1742.965210 0.000002
1743.027710 0.000001
1743.090210 0.000002
1743.152710 0.000016
1743.215210 0.000089
1743.277710 0.000374
1743.340210 0.001151
1743.402710 0.002607
1743.465210 0.004337
1743.527710 0.005302
1743.590210 0.004763
1743.652710 0.003144
1743.715210 0.001525
1743.777710 0.000544
1743.840210 0.000142
1743.902710 0.000028
1743.965210 0.000004
1744.027710 0.000001
1744.090210 0.000003
1744.152710 0.000026
1744.215210 0.000149
1744.277710 0.000624
1744.340210 0.001920
1744.402710 0.004339
1744.465210 0.007206
1744.527710 0.008795
1744.590210 0.007887
1744.652710 0.005197
1744.715210 0.002516
1744.777710 0.000895
1744.840210 0.000234
1744.902710 0.000045
1744.965210 0.000006
1745.027710 0.000001
1745.090210 0.000005
1745.152710 0.000043
1745.215210 0.000244
1745.277710 0.001022
1745.340210 0.003138
1745.402710 0.007083
1745.465210 0.011747
1745.527710 0.014317
1745.590210 0.012821
1745.652710 0.008437
1745.715210 0.004079
1745.777710 0.001450
1745.840210 0.000378
1745.902710 0.000073
1745.965210 0.000010
1746.027710 0.000002
1746.090210 0.000009
1746.152710 0.000070
1746.215210 0.000399
1746.277710 0.001666
1746.340210 0.005109
1746.402710 0.011515
1746.465210 0.019069
1746.527710 0.023204
1746.590210 0.020748
1746.652710 0.013633
1746.715210 0.006582
1746.777710 0.002335
1746.840210 0.000609
1746.902710 0.000117
1746.965210 0.000016
1747.027710 0.000003
1747.090210 0.000015
1747.152710 0.000113
1747.215210 0.000639
1747.277710 0.002665
1747.340210 0.008163
1747.402710 0.018375
1747.465210 0.030390
1747.527710 0.036934
1747.590210 0.032983
1747.652710 0.021644
1747.715210 0.010436
1747.777710 0.003698
1747.840210 0.000963
1747.902710 0.000184
1747.965210 0.000026
1748.027710 0.000005
1748.090210 0.000023
1748.152710 0.000180
1748.215210 0.001019
1748.277710 0.004243
1748.340210 0.012978
1748.402710 0.029171
1748.465210 0.048177
1748.527710 0.058468
1748.590210 0.052139
1748.652710 0.034166
1748.715210 0.016451
1748.777710 0.005821
1748.840210 0.001513
1748.902710 0.000289
1748.965210 0.000041
1749.027710 0.000008
1749.090210 0.000037
1749.152710 0.000282
1749.215210 0.001594
1749.277710 0.006630
1749.340210 0.020256
1749.402710 0.045475
1749.465210 0.075017
1749.527710 0.090935
1749.590210 0.080997
1749.652710 0.053014
1749.715210 0.025497
1749.777710 0.009011
1749.840210 0.002340
1749.902710 0.000447
1749.965210 0.000063
1750.027710 0.000012
1750.090210 0.000057
1750.152710 0.000439
1750.215210 0.002480
1750.277710 0.010298
1750.340210 0.031422
1750.402710 0.070452
1750.465210 0.116069
1750.527710 0.140515
1750.590210 0.124998
1750.652710 0.081708
1750.715210 0.039247
1750.777710 0.013853
1750.840210 0.003592
1750.902710 0.000685
1750.965210 0.000096
1751.027710 0.000018
1751.090210 0.000088
1751.152710 0.000671
1751.215210 0.003786
1751.277710 0.015705
1751.340210 0.047868
1751.402710 0.107213
1751.465210 0.176449
1751.527710 0.213389
1751.590210 0.189625
1751.652710 0.123823
1751.715210 0.059413
1751.777710 0.020948
1751.840210 0.005427
1751.902710 0.001033
1751.965210 0.000145
1752.027710 0.000028
1752.090210 0.000134
1752.152710 0.001018
1752.215210 0.005740
1752.277710 0.023784
1752.340210 0.072409
1752.402710 0.161989
1752.465210 0.266291
1752.527710 0.321666
1752.590210 0.285515
1752.652710 0.186222
1752.715210 0.089251
1752.777710 0.031432
1752.840210 0.008134
1752.902710 0.001547
1752.965210 0.000217
1753.027710 0.000041
1753.090210 0.000199
1753.152710 0.001517
1753.215210 0.008544
1753.277710 0.035369
1753.340210 0.107581
1753.402710 0.240455
1753.465210 0.394916
1753.527710 0.476598
1753.590210 0.422644
1753.652710 0.275406
1753.715210 0.131871
1753.777710 0.046399
1753.840210 0.011996
1753.902710 0.002279
1753.965210 0.000320
1754.027710 0.000061
1754.090210 0.000295
1754.152710 0.002243
1754.215210 0.012620
1754.277710 0.052187
1754.340210 0.158577
1754.402710 0.354075
1754.465210 0.580931
1754.527710 0.700375
1754.590210 0.620459
1754.652710 0.403899
1754.715210 0.193201
1754.777710 0.067909
1754.840210 0.017539
1754.902710 0.003329
1754.965210 0.000467
1755.027710 0.000089
1755.090210 0.000429
1755.152710 0.003255
1755.215210 0.018300
1755.277710 0.075617
1755.340210 0.229595
1755.402710 0.512246
1755.465210 0.839783
1755.527710 1.011651
1755.590210 0.895507
1755.652710 0.582484
1755.715210 0.278403
1755.777710 0.097778
1755.840210 0.025234
1755.902710 0.004786
1755.965210 0.000671
1756.027710 0.000127
1756.090210 0.000617
1756.152710 0.004684
1756.215210 0.026311
1756.277710 0.108627
1756.340210 0.329535
1756.402710 0.734583
1756.465210 1.203245
1756.527710 1.448245
1756.590210 1.280871
1756.652710 0.832425
1756.715210 0.397522
1756.777710 0.139494
1756.840210 0.035969
1756.902710 0.006816
1756.965210 0.000955
1757.027710 0.000181
1757.090210 0.000873
1757.152710 0.006615
1757.215210 0.037138
1757.277710 0.153230
1757.340210 0.464551
1757.402710 1.034896
1757.465210 1.694070
1757.527710 2.037696
1757.590210 1.801030
1757.652710 1.169707
1757.715210 0.558223
1757.777710 0.195756
1757.840210 0.050443
1757.902710 0.009552
1757.965210 0.001337
1758.027710 0.000253
1758.090210 0.001222
1758.152710 0.009257
1758.215210 0.051938
1758.277710 0.214139
1758.340210 0.648753
1758.402710 1.444223
1758.465210 2.362444
1758.527710 2.839631
1758.590210 2.508049
1758.652710 1.627739
1758.715210 0.776263
1758.777710 0.272025
1758.840210 0.070046
1758.902710 0.013255
1758.965210 0.001854
1759.027710 0.000349
1759.090210 0.001679
1759.152710 0.012714
1759.215210 0.071297
1759.277710 0.293817
1759.340210 0.889718
1759.402710 1.979692
1759.465210 3.236779
1759.527710 3.888659
1759.590210 3.432877
1759.652710 2.226842
1759.715210 1.061436
1759.777710 0.371769
1759.840210 0.095681
1759.902710 0.018096
1759.965210 0.002530
1760.027710 0.000475
1760.090210 0.002285
1760.152710 0.017290
1760.215210 0.096909
1760.277710 0.399151
1760.340210 1.208023
1760.402710 2.686481
1760.465210 4.389978
1760.527710 5.271230
1760.590210 4.650859
1760.652710 3.015275
1760.715210 1.436461
1760.777710 0.502846
1760.840210 0.129345
1760.902710 0.024449
1760.965210 0.003416
1761.027710 0.000638
1761.090210 0.003051
1761.152710 0.023070
1761.215210 0.129269
1761.277710 0.532268
1761.340210 1.610393
1761.402710 3.580145
1761.465210 5.848401
1761.527710 7.020089
1761.590210 6.191810
1761.652710 4.012944
1761.715210 1.911084
1761.777710 0.668757
1761.840210 0.171961
1761.902710 0.032493
1761.965210 0.004538
1762.027710 0.000846
1762.090210 0.004031
1762.152710 0.030467
1762.215210 0.170651
1762.277710 0.702394
1762.340210 2.124310
1762.402710 4.720875
1762.465210 7.708939
1762.527710 9.249864
1762.590210 8.155402
1762.652710 5.283546
1762.715210 2.515224
1762.777710 0.879832
1762.840210 0.226149
1762.902710 0.042715
1762.965210 0.005963
1763.027710 0.001104
1763.090210 0.005223
1763.152710 0.039466
1763.215210 0.221025
1763.277710 0.909601
1763.340210 2.750576
1763.402710 6.111685
1763.465210 9.978460
1763.527710 11.971053
1763.590210 10.552814
1763.652710 6.835530
1763.715210 3.253456
1763.777710 1.137856
1763.840210 0.292415
1763.902710 0.055221
1763.965210 0.007707
1764.027710 0.001421
1764.090210 0.006695
1764.152710 0.050577
1764.215210 0.283195
1764.277710 1.165211
1764.340210 3.522794
1764.402710 7.825896
1764.465210 12.774560
1764.527710 15.322291
1764.590210 13.504180
1764.652710 8.745413
1764.715210 4.161605
1764.777710 1.455160
1764.840210 0.373879
1764.902710 0.070589
1764.965210 0.009849
1765.027710 0.001802
1765.090210 0.008414
1765.152710 0.063559
1765.215210 0.355895
1765.277710 1.464378
1765.340210 4.427364
1765.402710 9.835560
1765.465210 16.055197
1765.527710 19.257315
1765.590210 16.972283
1765.652710 10.991327
1765.715210 5.230296
1765.777710 1.828814
1765.840210 0.469874
1765.902710 0.088711
1765.965210 0.012377
1766.027710 0.002254
1766.090210 0.010460
1766.152710 0.079000
1766.215210 0.442338
1766.277710 1.819992
1766.340210 5.502316
1766.402710 12.223148
1766.465210 19.951841
1766.527710 23.930186
1766.590210 21.089839
1766.652710 13.657317
1766.715210 6.498653
1766.777710 2.272207
1766.840210 0.583768
1766.902710 0.110209
1766.965210 0.015374
1767.027710 0.002775
1767.090210 0.012744
1767.152710 0.096256
1767.215210 0.539073
1767.277710 2.218449
1767.340210 6.708265
1767.402710 14.904933
1767.465210 24.333796
1767.527710 29.191107
1767.590210 25.730787
1767.652710 16.665495
1767.715210 7.931348
1767.777710 2.773577
1767.840210 0.712688
1767.902710 0.134568
1767.965210 0.018773
1768.027710 0.003369
1768.090210 0.015357
1768.152710 0.115988
1768.215210 0.649662
1768.277710 2.673913
1768.340210 8.086592
1768.402710 17.969771
1768.465210 29.341299
1768.527710 35.202762
1768.590210 31.033849
1768.652710 20.102815
1768.715210 9.568446
1768.777710 3.346493
1768.840210 0.860011
1768.902710 0.162405
1768.965210 0.022657
1769.027710 0.004027
1769.090210 0.018131
1769.152710 0.136966
1769.215210 0.767455
1769.277710 3.159914
1769.340210 9.559909
1769.402710 21.251454
1769.465210 34.712112
1769.527710 41.661192
1769.590210 36.740207
1769.652710 23.807379
1769.715210 11.335552
1769.777710 3.965844
1769.840210 1.019511
1769.902710 0.192587
1769.965210 0.026873
1770.027710 0.004745
1770.090210 0.021173
1770.152710 0.159965
1770.215210 0.896589
1770.277710 3.692706
1770.340210 11.175133
1770.402710 24.849462
1770.465210 40.601182
1770.527710 48.743703
1770.590210 42.998913
1770.652710 27.871243
1770.715210 13.274436
1770.777710 4.645553
1770.840210 1.194599
1770.902710 0.225727
1770.965210 0.031503
1771.027710 0.005504
1771.090210 0.024217
1771.152710 0.183025
1771.215210 1.026405
1771.277710 4.229686
1771.340210 12.807126
1771.402710 28.493726
1771.465210 46.580262
1771.527710 55.951342
1771.590210 49.382830
1771.652710 32.025738
1771.715210 15.260931
1771.777710 5.343457
1771.840210 1.374753
1771.902710 0.259897
1771.965210 0.036286
1772.027710 0.006294
1772.090210 0.027405
1772.152710 0.207167
1772.215210 1.162328
1772.277710 4.792004
1772.340210 14.516440
1772.402710 32.311510
1772.465210 52.845701
1772.527710 63.506486
1772.590210 56.076828
1772.652710 36.383670
1772.715210 17.345558
1772.777710 6.076162
1772.840210 1.563981
1772.902710 0.295806
1772.965210 0.041313
1773.027710 0.007086
1773.090210 0.030365
1773.152710 0.229643
1773.215210 1.289364
1773.277710 5.319573
1773.340210 16.126125
1773.402710 35.919906
1773.465210 58.788638
1773.527710 70.697717
1773.590210 62.470089
1773.652710 40.559669
1773.715210 19.349655
1773.777710 6.782803
1773.840210 1.747045
1773.902710 0.330652
1773.965210 0.046205
1774.027710 0.007863
1774.090210 0.033302
1774.152710 0.251953
1774.215210 1.415486
1774.277710 5.843500
1774.340210 17.725281
1774.402710 39.506230
1774.465210 64.698093
1774.527710 77.852308
1774.590210 68.834559
1774.652710 44.719541
1774.715210 21.347395
1774.777710 7.487722
1774.840210 1.929806
1774.902710 0.365467
1774.965210 0.051094
1775.027710 0.008592
1775.090210 0.035747
1775.152710 0.270602
1775.215210 1.521621
1775.277710 6.287244
1775.340210 19.088183
1775.402710 42.581306
1775.465210 69.795040
1775.527710 84.058578
1775.590210 74.386197
1775.652710 48.367792
1775.715210 23.108659
1775.777710 8.112382
1775.840210 2.092565
1775.902710 0.396623
1775.965210 0.055491
1776.027710 0.009255
1776.090210 0.038007
1776.152710 0.287860
1776.215210 1.619887
1776.277710 6.698368
1776.340210 20.351879
1776.402710 45.435033
1776.465210 74.529642
1776.527710 89.829650
1776.590210 79.554316
1776.652710 51.768054
1776.715210 24.752264
1776.777710 8.696080
1776.840210 2.244861
1776.902710 0.425817
1776.965210 0.059612
1777.027710 0.009820
1777.090210 0.039533
1777.152710 0.299620
1777.215210 1.687854
1777.277710 6.986804
1777.340210 21.250602
1777.402710 47.491114
1777.465210 77.983559
1777.527710 94.090106
1777.590210 83.413429
1777.652710 54.335019
1777.715210 26.006173
1777.777710 9.145899
1777.840210 2.363368
1777.902710 0.448747
1777.965210 0.062878
1778.027710 0.010272
1778.090210 0.040770
1778.152710 0.309177
1778.215210 1.743256
1778.277710 7.222636
1778.340210 21.987732
1778.402710 49.182951
1778.465210 80.834960
1778.527710 97.619130
1778.590210 86.620869
1778.652710 56.475837
1778.715210 27.055543
1778.777710 9.523657
1778.840210 2.463241
1778.902710 0.468140
1778.965210 0.065645
1779.027710 0.010587
1779.090210 0.041106
1779.152710 0.311976
1779.215210 1.761196
1779.277710 7.305903
1779.340210 22.268332
1779.402710 49.871041
1779.465210 82.064859
1779.527710 99.223531
1779.590210 88.149864
1779.652710 57.541184
1779.715210 27.598600
1779.777710 9.726282
1779.840210 2.518605
1779.902710 0.479221
1779.965210 0.067270
1780.027710 0.010760
1780.090210 0.041143
1780.152710 0.312473
1780.215210 1.765809
1780.277710 7.332585
1780.340210 22.372762
1780.402710 50.156856
1780.465210 82.620966
1780.527710 100.000000
1780.590210 88.932458
1780.652710 58.112792
1780.715210 27.901991
1780.777710 9.843534
1780.840210 2.551649
1780.902710 0.486020
1780.965210 0.068286
1781.027710 0.010779
1781.090210 0.040229
1781.152710 0.305799
1781.215210 1.730500
1781.277710 7.195940
1781.340210 21.986191
1781.402710 49.358049
1781.465210 81.416528
1781.527710 98.676633
1781.590210 87.874737
1781.652710 57.499271
1781.715210 27.644587
1781.777710 9.765798
1781.840210 2.534878
1781.902710 0.483466
1781.965210 0.068010
1782.027710 0.010649
1782.090210 0.039108
1782.152710 0.297508
1782.215210 1.685506
1782.277710 7.016899
1782.340210 21.463884
1782.402710 48.241240
1782.465210 79.666683
1782.527710 96.668181
1782.590210 86.186582
1782.652710 56.460612
1782.715210 27.177039
1782.777710 9.611909
1782.840210 2.497870
1782.902710 0.476969
1782.965210 0.067164
1783.027710 0.010376
1783.090210 0.037101
1783.152710 0.282513
1783.215210 1.603042
1783.277710 6.683943
1783.340210 20.476979
1783.402710 46.093859
1783.465210 76.236931
1783.527710 92.647425
1783.590210 82.727083
1783.652710 54.276150
1783.715210 26.164845
1783.777710 9.267774
1783.840210 2.412030
1783.902710 0.461261
1783.965210 0.065042
1784.027710 0.009971
1784.090210 0.035060
1784.152710 0.267197
1784.215210 1.518031
1784.277710 6.337437
1784.340210 19.439898
1784.402710 43.814741
1784.465210 72.559363
1784.527710 88.290506
1784.590210 78.937357
1784.652710 51.856076
1784.715210 25.030296
1784.777710 8.877319
1784.840210 2.313390
1784.902710 0.442969
1784.965210 0.062534
1785.027710 0.009456
1785.090210 0.032287
1785.152710 0.246320
1785.215210 1.401820
1785.277710 5.862304
1785.340210 18.013089
1785.402710 40.667788
1785.465210 67.461578
1785.527710 82.225484
1785.590210 73.637857
1785.652710 48.455279
1785.715210 23.427564
1785.777710 8.322609
1785.840210 2.172401
1785.902710 0.416653
1785.965210 0.058909
1786.027710 0.008845
1786.090210 0.029686
1786.152710 0.226682
1786.215210 1.291788
1786.277710 5.409443
1786.340210 16.644094
1786.402710 37.628125
1786.465210 62.504422
1786.527710 76.287779
1786.590210 68.414149
1786.652710 45.080012
1786.715210 21.825790
1786.777710 7.764329
1786.840210 2.029493
1786.902710 0.389786
1786.965210 0.055179
1787.027710 0.008170
1787.090210 0.026550
1787.152710 0.202960
1787.215210 1.158777
1787.277710 4.861541
1787.340210 14.986165
1787.402710 33.942814
1787.465210 56.486813
1787.527710 69.069855
1787.590210 62.054458
1787.652710 40.963858
1787.715210 19.868858
1787.777710 7.080915
1787.840210 1.854181
1787.902710 0.356752
1787.965210 0.050588
1788.027710 0.007443
1788.090210 0.023775
1788.152710 0.181915
1788.215210 1.040095
1788.277710 4.369845
1788.340210 13.489767
1788.402710 30.597524
1788.465210 50.993242
1788.527710 62.442990
1788.590210 56.182376
1788.652710 37.141737
1788.715210 18.041419
1788.777710 6.439107
1788.840210 1.688608
1788.902710 0.325375
1788.965210 0.046200
1789.027710 0.006702
1789.090210 0.020660
1789.152710 0.158257
1789.215210 0.906677
1789.277710 3.817061
1789.340210 11.807180
1789.402710 26.835038
1789.465210 44.812403
1789.527710 54.983778
1789.590210 49.569202
1789.652710 32.834522
1789.715210 15.980547
1789.777710 5.714719
1789.840210 1.501559
1789.902710 0.289893
1789.965210 0.041238
1790.027710 0.005950
1790.090210 0.018036
1790.152710 0.138294
1790.215210 0.793475
1790.277710 3.345451
1790.340210 10.363834
1790.402710 23.590019
1790.465210 39.452931
1790.527710 48.481219
1790.590210 43.773541
1790.652710 29.039825
1790.715210 14.155367
1790.777710 5.069827
1790.840210 1.334172
1790.902710 0.257976
1790.965210 0.036749
1791.027710 0.005226
1791.090210 0.015232
1791.152710 0.116931
1791.215210 0.672387
1791.277710 2.841162
1791.340210 8.820874
1791.402710 20.121670
1791.465210 33.725190
1791.527710 41.532010
1791.590210 37.579445
1791.652710 24.983713
1791.715210 12.204039
1791.777710 4.380162
1791.840210 1.155098
1791.902710 0.223816
1791.965210 0.031948
1792.027710 0.004524
1792.090210 0.012978
1792.152710 0.099727
1792.215210 0.574329
1792.277710 2.430528
1792.340210 7.557600
1792.402710 17.266636
1792.465210 28.984994
1792.527710 35.750361
1792.590210 32.398877
1792.652710 21.573571
1792.715210 10.554977
1792.777710 3.794335
1792.840210 1.002211
1792.902710 0.194504
1792.965210 0.027804
1793.027710 0.003880
1793.090210 0.010655
1793.152710 0.081970
1793.215210 0.473191
1793.277710 2.007272
1793.340210 6.256232
1793.402710 14.326952
1793.465210 24.106291
1793.527710 29.801822
1793.590210 27.070218
1793.652710 18.066645
1793.715210 8.859329
1793.777710 3.191991
1793.840210 0.845011
1793.902710 0.164363
1793.965210 0.023547
1794.027710 0.003275
1794.090210 0.008870
1794.152710 0.068307
1794.215210 0.394926
1794.277710 1.677869
1794.340210 5.237722
1794.402710 12.013398
1794.465210 20.245539
1794.527710 25.068763
1794.590210 22.807471
1794.652710 15.246219
1794.715210 7.488393
1794.777710 2.702442
1794.840210 0.716585
1794.902710 0.139612
1794.965210 0.020031
1795.027710 0.002745
1795.090210 0.007080
1795.152710 0.054581
1795.215210 0.316375
1795.277710 1.347571
1795.340210 4.217315
1795.402710 9.697334
1795.465210 16.383315
1795.527710 20.336887
1795.590210 18.548172
1795.652710 12.429451
1795.715210 6.119807
1795.777710 2.213902
1795.840210 0.588459
1795.902710 0.114924
1795.965210 0.016528
1796.027710 0.002261
1796.090210 0.005765
1796.152710 0.044493
1796.215210 0.258299
1796.277710 1.101907
1796.340210 3.453889
1796.402710 7.954428
1796.465210 13.460088
1796.527710 16.734979
1796.590210 15.287672
1796.652710 10.261161
1796.715210 5.060475
1796.777710 1.833688
1796.840210 0.488204
1796.902710 0.095503
1796.965210 0.013755
1797.027710 0.001853
1797.090210 0.004474
1797.152710 0.034558
1797.215210 0.201170
1797.277710 0.860549
1797.340210 2.704707
1797.402710 6.245881
1797.465210 10.597362
1797.527710 13.210896
1797.590210 12.100351
1797.652710 8.143199
1797.715210 4.026468
1797.777710 1.462802
1797.840210 0.390464
1797.902710 0.076579
1797.965210 0.011058
1798.027710 0.001489
1798.090210 0.003568
1798.152710 0.027592
1798.215210 0.160866
1798.277710 0.689191
1798.340210 2.169472
1798.402710 5.017688
1798.465210 8.526875
1798.527710 10.646640
1798.590210 9.767251
1798.652710 6.583686
1798.715210 3.260646
1798.777710 1.186521
1798.840210 0.317240
1798.902710 0.062321
1798.965210 0.009013
1799.027710 0.001195
1799.090210 0.002691
1799.152710 0.020824
1799.215210 0.121764
1799.277710 0.523201
1799.340210 1.651777
1799.402710 3.831421
1799.465210 6.529741
1799.527710 8.176350
1799.590210 7.522310
1799.652710 5.084770
1799.715210 2.525344
1799.777710 0.921507
1799.840210 0.247064
1799.902710 0.048668
1799.965210 0.007057
1800.027710 0.000937
1800.090210 0.002105
1800.152710 0.016307
1800.215210 0.095496
1800.277710 0.410939
1800.340210 1.299299
1800.402710 3.018382
1800.465210 5.151981
1800.527710 6.461133
1800.590210 5.953582
1800.652710 4.030724
1800.715210 2.005042
1800.777710 0.732823
1800.840210 0.196795
1800.902710 0.038829
1800.965210 0.005639
1801.027710 0.000736
1801.090210 0.001542
1801.152710 0.011951
1801.215210 0.070210
1801.277710 0.303085
1801.340210 0.961302
1801.402710 2.240149
1801.465210 3.835470
1801.527710 4.824856
1801.590210 4.459388
1801.652710 3.028247
1801.715210 1.510892
1801.777710 0.553861
1801.840210 0.149176
1801.902710 0.029520
1801.965210 0.004300
1802.027710 0.000563
1802.090210 0.001185
1802.152710 0.009194
1802.215210 0.054085
1802.277710 0.233801
1802.340210 0.742606
1802.402710 1.733008
1802.465210 2.971503
1802.527710 3.743552
1802.590210 3.465173
1802.652710 2.356670
1802.715210 1.177624
1802.777710 0.432362
1802.840210 0.116634
1802.902710 0.023117
1802.965210 0.003372
1803.027710 0.000434
1803.090210 0.000842
1803.152710 0.006538
1803.215210 0.038591
1803.277710 0.167393
1803.340210 0.533478
1803.402710 1.249142
1803.465210 2.148964
1803.527710 2.716234
1803.590210 2.522475
1803.652710 1.721109
1803.715210 0.862805
1803.777710 0.317789
1803.840210 0.085999
1803.902710 0.017098
1803.965210 0.002502
1804.027710 0.000324
1804.090210 0.000637
1804.152710 0.004948
1804.215210 0.029247
1804.277710 0.127026
1804.340210 0.405361
1804.402710 0.950425
1804.465210 1.637292
1804.527710 2.072356
1804.590210 1.927231
1804.652710 1.316842
1804.715210 0.661098
1804.777710 0.243853
1804.840210 0.066089
1804.902710 0.013159
1804.965210 0.001928
1805.027710 0.000245
1805.090210 0.000439
1805.152710 0.003410
1805.215210 0.020230
1805.277710 0.088186
1805.340210 0.282442
1805.402710 0.664616
1805.465210 1.149028
1805.527710 1.459511
1805.590210 1.362081
1805.652710 0.933934
1805.715210 0.470489
1805.777710 0.174140
1805.840210 0.047356
1805.902710 0.009461
1805.965210 0.001391
1806.027710 0.000178
1806.090210 0.000327
1806.152710 0.002544
1806.215210 0.015112
1806.277710 0.065949
1806.340210 0.211472
1806.402710 0.498214
1806.465210 0.862402
1806.527710 1.096810
1806.590210 1.024902
1806.652710 0.703657
1806.715210 0.354953
1806.777710 0.131555
1806.840210 0.035825
1806.902710 0.007167
1806.965210 0.001055
1807.027710 0.000132
1807.090210 0.000218
1807.152710 0.001697
1807.215210 0.010118
1807.277710 0.044330
1807.340210 0.142706
1807.402710 0.337516
1807.465210 0.586491
1807.527710 0.748757
1807.590210 0.702322
1807.652710 0.484000
1807.715210 0.245059
1807.777710 0.091161
1807.840210 0.024916
1807.902710 0.005003
1807.965210 0.000739
1808.027710 0.000094
1808.090210 0.000161
1808.152710 0.001250
1808.215210 0.007465
1808.277710 0.032738
1808.340210 0.105496
1808.402710 0.249769
1808.465210 0.434478
1808.527710 0.555292
1808.590210 0.521439
1808.652710 0.359758
1808.715210 0.182367
1808.777710 0.067921
1808.840210 0.018587
1808.902710 0.003737
1808.965210 0.000553
1809.027710 0.000068
1809.090210 0.000104
1809.152710 0.000805
1809.215210 0.004829
1809.277710 0.021267
1809.340210 0.068823
1809.402710 0.163628
1809.465210 0.285821
1809.527710 0.366808
1809.590210 0.345857
1809.652710 0.239587
1809.715210 0.121939
1809.777710 0.045596
1809.840210 0.012527
1809.902710 0.002528
1809.965210 0.000376
1810.027710 0.000047
1810.090210 0.000076
1810.152710 0.000588
1810.215210 0.003527
1810.277710 0.015546
1810.340210 0.050350
1810.402710 0.119807
1810.465210 0.209456
1810.527710 0.269045
1810.590210 0.253913
1810.652710 0.176062
1810.715210 0.089696
1810.777710 0.033574
1810.840210 0.009234
1810.902710 0.001865
1810.965210 0.000278
1811.027710 0.000034
1811.090210 0.000047
1811.152710 0.000365
1811.215210 0.002199
1811.277710 0.009737
1811.340210 0.031682
1811.402710 0.075729
1811.465210 0.132994
1811.527710 0.171594
1811.590210 0.162660
1811.652710 0.113283
1811.715210 0.057964
1811.777710 0.021790
1811.840210 0.006018
1811.902710 0.001221
1811.965210 0.000183
1812.027710 0.000023
1812.090210 0.000034
1812.152710 0.000264
1812.215210 0.001595
1812.277710 0.007064
1812.340210 0.022998
1812.402710 0.055004
1812.465210 0.096657
1812.527710 0.124792
1812.590210 0.118377
1812.652710 0.082502
1812.715210 0.042247
1812.777710 0.015894
1812.840210 0.004394
1812.902710 0.000892
1812.965210 0.000134
1813.027710 0.000016
1813.090210 0.000021
1813.152710 0.000157
1813.215210 0.000956
1813.277710 0.004254
1813.340210 0.013919
1813.402710 0.033454
1813.465210 0.059075
1813.527710 0.076640
1813.590210 0.073049
1813.652710 0.051153
1813.715210 0.026317
1813.777710 0.009947
1813.840210 0.002763
1813.902710 0.000563
1813.965210 0.000085
1814.027710 0.000010
1814.090210 0.000015
1814.152710 0.000114
1814.215210 0.000690
1814.277710 0.003072
1814.340210 0.010055
1814.402710 0.024175
1814.465210 0.042705
1814.527710 0.055424
1814.590210 0.052850
1814.652710 0.037025
1814.715210 0.019058
1814.777710 0.007207
1814.840210 0.002003
1814.902710 0.000409
1814.965210 0.000062
1815.027710 0.000007
1815.090210 0.000009
1815.152710 0.000065
1815.215210 0.000396
1815.277710 0.001773
1815.340210 0.005834
1815.402710 0.014101
1815.465210 0.025042
1815.527710 0.032670
1815.590210 0.031315
1815.652710 0.022051
1815.715210 0.011409
1815.777710 0.004336
1815.840210 0.001211
1815.902710 0.000248
1815.965210 0.000038
1816.027710 0.000004
1816.090210 0.000006
1816.152710 0.000047
1816.215210 0.000286
1816.277710 0.001279
1816.340210 0.004209
1816.402710 0.010173
1816.465210 0.018067
1816.527710 0.023572
1816.590210 0.022597
1816.652710 0.015915
1816.715210 0.008236
1816.777710 0.003131
1816.840210 0.000875
1816.902710 0.000179
1816.965210 0.000027
1817.027710 0.000003
1817.090210 0.000004
1817.152710 0.000025
1817.215210 0.000157
1817.277710 0.000704
1817.340210 0.002332
1817.402710 0.005668
1817.465210 0.010125
1817.527710 0.013285
1817.590210 0.012807
1817.652710 0.009070
1817.715210 0.004720
1817.777710 0.001804
1817.840210 0.000507
1817.902710 0.000104
1817.965210 0.000016
1818.027710 0.000002
1818.090210 0.000003
1818.152710 0.000018
1818.215210 0.000113
1818.277710 0.000510
1818.340210 0.001687
1818.402710 0.004099
1818.465210 0.007318
1818.527710 0.009600
1818.590210 0.009253
1818.652710 0.006552
1818.715210 0.003409
1818.777710 0.001303
1818.840210 0.000366
1818.902710 0.000075
1818.965210 0.000012
1819.027710 0.000001
1819.090210 0.000001
1819.152710 0.000009
1819.215210 0.000059
1819.277710 0.000267
1819.340210 0.000888
1819.402710 0.002171
1819.465210 0.003901
1819.527710 0.005149
1819.590210 0.004993
1819.652710 0.003557
1819.715210 0.001862
1819.777710 0.000716
1819.840210 0.000202
1819.902710 0.000042
1819.965210 0.000007
1820.027710 0.000001
1820.090210 0.000001
1820.152710 0.000007
1820.215210 0.000043
1820.277710 0.000194
1820.340210 0.000647
1820.402710 0.001581
1820.465210 0.002838
1820.527710 0.003743
1820.590210 0.003628
1820.652710 0.002583
1820.715210 0.001351
1820.777710 0.000519
1820.840210 0.000147
1820.902710 0.000030
1820.965210 0.000005
1821.027710 0.000000
1821.090210 0.000001
1821.152710 0.000003
1821.215210 0.000021
1821.277710 0.000096
1821.340210 0.000322
1821.402710 0.000792
1821.465210 0.001431
1821.527710 0.001900
1821.590210 0.001854
1821.652710 0.001329
1821.715210 0.000700
1821.777710 0.000270
1821.840210 0.000077
1821.902710 0.000016
1821.965210 0.000003
1822.027710 0.000000
1822.090210 0.000000
1822.152710 0.000002
1822.215210 0.000016
1822.277710 0.000071
1822.340210 0.000238
1822.402710 0.000583
1822.465210 0.001053
1822.527710 0.001397
1822.590210 0.001361
1822.652710 0.000975
1822.715210 0.000513
1822.777710 0.000198
1822.840210 0.000056
1822.902710 0.000012
1822.965210 0.000002
1823.027710 0.000000
1823.090210 0.000000
1823.152710 0.000001
1823.215210 0.000007
1823.277710 0.000033
1823.340210 0.000111
1823.402710 0.000274
1823.465210 0.000500
1823.527710 0.000667
1823.590210 0.000655
1823.652710 0.000472
1823.715210 0.000250
1823.777710 0.000097
1823.840210 0.000028
1823.902710 0.000006
1823.965210 0.000001
1824.027710 -0.000000
1824.090210 0.000000
1824.152710 0.000001
1824.215210 0.000006
1824.277710 0.000025
1824.340210 0.000083
1824.402710 0.000206
1824.465210 0.000374
1824.527710 0.000498
1824.590210 0.000489
1824.652710 0.000352
1824.715210 0.000186
1824.777710 0.000072
1824.840210 0.000021
1824.902710 0.000004
1824.965210 0.000001
1825.027710 -0.000000
1825.090210 0.000000
1825.152710 0.000000
1825.215210 0.000002
1825.277710 0.000011
1825.340210 0.000036
1825.402710 0.000090
1825.465210 0.000166
1825.527710 0.000222
1825.590210 0.000220
1825.652710 0.000159
1825.715210 0.000085
1825.777710 0.000033
1825.840210 0.000010
1825.902710 0.000002
1825.965210 0.000000
1826.027710 -0.000000
1826.090210 0.000000
1826.152710 0.000000
1826.215210 0.000002
1826.277710 0.000008
1826.340210 0.000028
1826.402710 0.000069
1826.465210 0.000127
1826.527710 0.000170
1826.590210 0.000168
1826.652710 0.000121
1826.715210 0.000065
1826.777710 0.000025
1826.840210 0.000007
1826.902710 0.000001
1826.965210 0.000000
1827.027710 -0.000000
1827.090210 0.000000
1827.152710 -0.000000
1827.215210 0.000001
1827.277710 0.000003
1827.340210 0.000011
1827.402710 0.000028
1827.465210 0.000052
1827.527710 0.000070
1827.590210 0.000070
1827.652710 0.000051
1827.715210 0.000027
1827.777710 0.000011
1827.840210 0.000003
1827.902710 0.000001
1827.965210 0.000000
1828.027710 -0.000000
1828.090210 0.000000
1828.152710 -0.000000
1828.215210 0.000001
1828.277710 0.000003
1828.340210 0.000009
1828.402710 0.000022
1828.465210 0.000041
1828.527710 0.000055
1828.590210 0.000055
1828.652710 0.000040
1828.715210 0.000022
1828.777710 0.000008
1828.840210 0.000003
1828.902710 0.000000
1828.965210 0.000000
1829.027710 -0.000000
1829.090210 0.000000
1829.152710 -0.000000
1829.215210 0.000000
1829.277710 0.000001
1829.340210 0.000003
1829.402710 0.000008
1829.465210 0.000016
1829.527710 0.000021
1829.590210 0.000021
1829.652710 0.000015
1829.715210 0.000008
1829.777710 0.000003
1829.840210 0.000001
1829.902710 0.000000
1829.965210 0.000000
1830.027710 -0.000000
1830.090210 0.000000
1830.152710 -0.000000
1830.215210 0.000000
1830.277710 0.000001
1830.340210 0.000003
1830.402710 0.000007
1830.465210 0.000013
1830.527710 0.000017
1830.590210 0.000017
1830.652710 0.000012
1830.715210 0.000007
1830.777710 0.000003
1830.840210 0.000001
1830.902710 0.000000
1830.965210 0.000000
1831.027710 -0.000000
1831.090210 0.000000
1831.152710 -0.000000
1831.215210 0.000000
1831.277710 0.000000
1831.340210 0.000001
1831.402710 0.000002
1831.465210 0.000004
1831.527710 0.000006
1831.590210 0.000006
1831.652710 0.000004
1831.715210 0.000002
1831.777710 0.000001
1831.840210 0.000000
1831.902710 -0.000000
1831.965210 0.000000
1832.027710 -0.000000
1832.090210 0.000000
1832.152710 -0.000000
1832.215210 0.000000
1832.277710 0.000000
1832.340210 0.000001
1832.402710 0.000002
1832.465210 0.000004
1832.527710 0.000005
1832.590210 0.000005
1832.652710 0.000004
1832.715210 0.000002
1832.777710 0.000001
1832.840210 0.000000
1832.902710 -0.000000
1832.965210 0.000000
1833.027710 -0.000000
1833.090210 0.000000
1833.152710 -0.000000
1833.215210 0.000000
1833.277710 -0.000000
1833.340210 0.000000
1833.402710 0.000001
1833.465210 0.000001
1833.527710 0.000001
1833.590210 0.000002
1833.652710 0.000001
1833.715210 0.000001
1833.777710 0.000000
1833.840210 0.000000
1833.902710 -0.000000
1833.965210 0.000000
1834.027710 -0.000000
1834.090210 0.000000
1834.152710 -0.000000
1834.215210 0.000000
1834.277710 -0.000000
1834.340210 0.000000
1834.402710 0.000000
1834.465210 0.000001
1834.527710 0.000001
1834.590210 0.000002
1834.652710 0.000001
1834.715210 0.000001
1834.777710 0.000000
1834.840210 0.000000
1834.902710 -0.000000
1834.965210 0.000000
1835.027710 -0.000000
1835.090210 0.000000
1835.152710 -0.000000
1835.215210 0.000000
1835.277710 -0.000000
1835.340210 0.000000
1835.402710 0.000000
1835.465210 0.000000
1835.527710 0.000000
1835.590210 0.000000
1835.652710 0.000000
1835.715210 0.000000
1835.777710 0.000000
1835.840210 0.000000
1835.902710 -0.000000
1835.965210 0.000000
1836.027710 -0.000000
1836.090210 0.000000
1836.152710 -0.000000
1836.215210 0.000000
1836.277710 -0.000000
1836.340210 0.000000
1836.402710 0.000000
1836.465210 0.000000
1836.527710 0.000000
1836.590210 0.000000
1836.652710 0.000000
1836.715210 0.000000
1836.777710 0.000000
1836.840210 0.000000
1836.902710 -0.000000
1836.965210 0.000000
1837.027710 -0.000000
1837.090210 0.000000
1837.152710 -0.000000
1837.215210 0.000000
1837.277710 -0.000000
1837.340210 0.000000
1837.402710 -0.000000
1837.465210 0.000000
1837.527710 0.000000
1837.590210 0.000000
1837.652710 0.000000
1837.715210 0.000000
1837.777710 -0.000000
1837.840210 0.000000
1837.902710 -0.000000
1837.965210 0.000000
1838.027710 -0.000000
1838.090210 0.000000
1838.152710 -0.000000
1838.215210 0.000000
1838.277710 -0.000000
1838.340210 0.000000
1838.402710 -0.000000
1838.465210 0.000000
1838.527710 0.000000
1838.590210 0.000000
1838.652710 0.000000
1838.715210 0.000000
1838.777710 -0.000000
1838.840210 0.000000
1838.902710 -0.000000
1838.965210 0.000000
1839.027710 -0.000000
1839.090210 0.000000
1839.152710 -0.000000
1839.215210 0.000000
1839.277710 -0.000000
1839.340210 0.000000
1839.402710 -0.000000
1839.465210 0.000000
1839.527710 -0.000000
1839.590210 0.000000
1839.652710 -0.000000
1839.715210 0.000000
1839.777710 -0.000000
1839.840210 0.000000
1839.902710 -0.000000
1839.965210 0.000000
1840.027710 -0.000000
1840.090210 0.000000
1840.152710 -0.000000
1840.215210 0.000000
1840.277710 -0.000000
1840.340210 0.000000
1840.402710 -0.000000
1840.465210 0.000000
1840.527710 -0.000000
1840.590210 0.000000
1840.652710 -0.000000
1840.715210 0.000000
1840.777710 -0.000000
1840.840210 0.000000
1840.902710 -0.000000
1840.965210 0.000000
1841.027710 -0.000000
1841.090210 0.000000
1841.152710 -0.000000
1841.215210 0.000000
1841.277710 -0.000000
1841.340210 0.000000
1841.402710 -0.000000
1841.465210 0.000000
1841.527710 -0.000000
1841.590210 0.000000
1841.652710 -0.000000
1841.715210 0.000000
1841.777710 -0.000000
1841.840210 0.000000
1841.902710 -0.000000
1841.965210 0.000000
1842.027710 -0.000000
1842.090210 0.000000
1842.152710 -0.000000
1842.215210 0.000000
1842.277710 -0.000000
1842.340210 0.000000
1842.402710 -0.000000
1842.465210 0.000000
1842.527710 -0.000000
1842.590210 0.000000
1842.652710 -0.000000
1842.715210 0.000000
1842.777710 -0.000000
1842.840210 0.000000
1842.902710 -0.000000
1842.965210 0.000000
1843.027710 -0.000000
1843.090210 0.000000
1843.152710 -0.000000
1843.215210 0.000000
1843.277710 -0.000000
1843.340210 0.000000
1843.402710 -0.000000
1843.465210 0.000000
1843.527710 -0.000000
1843.590210 0.000000
1843.652710 -0.000000
1843.715210 0.000000
1843.777710 -0.000000
1843.840210 0.000000
1843.902710 -0.000000
1843.965210 0.000000
1844.027710 -0.000000
1844.090210 0.000000
1844.152710 -0.000000
1844.215210 0.000000
1844.277710 -0.000000
1844.340210 0.000000
1844.402710 -0.000000
1844.465210 0.000000
1844.527710 -0.000000
1844.590210 0.000000
