1716.521089 0.000000
1717.521325 0.000000
1718.521562 0.000000
1719.521798 0.000000
1720.522035 0.000000
1721.522272 0.000000
1722.522508 0.000000
1723.522745 0.000000
1724.522981 0.000000
1725.523218 0.000000
1726.523454 0.000000
1727.523691 0.000000
1728.523927 0.000001
1729.524164 0.000002
1730.524400 0.000003
1731.524637 0.000006
1732.524873 0.000011
1733.525110 0.000019
1734.525347 0.000036
1735.525583 0.000065
1736.525820 0.000117
1737.526056 0.000208
1738.526293 0.000368
1739.526529 0.000639
1740.526766 0.001108
1741.527002 0.001882
1742.527239 0.003192
1743.527475 0.005310
1744.527712 0.008805
1745.527948 0.014331
1746.528185 0.023222
1747.528422 0.036957
1748.528658 0.058493
1749.528895 0.090960
1750.529131 0.140533
1751.529368 0.213389
1752.529604 0.321625
1753.529841 0.476486
1754.530077 0.700135
1755.530314 1.011214
1756.530550 1.447493
1757.530787 2.036492
1758.531023 2.837758
1759.531260 3.885880
1760.531497 5.267189
1761.531733 7.014433
1762.531970 9.242080
1763.532206 11.960696
1764.532443 15.308723
1765.532679 19.240103
1766.532916 23.908679
1767.533152 29.165085
1768.533389 35.171757
1769.533625 41.625482
1770.533862 48.703236
1771.534098 55.907178
1772.534335 63.459162
1773.534572 70.649246
1774.534808 77.803797
1775.535045 84.012932
1776.535281 89.788258
1777.535518 94.056415
1778.535754 97.594290
1779.535991 99.210965
1780.536227 100.000000
1781.536464 98.692001
1782.536700 96.697870
1783.536937 92.693189
1784.537173 88.349807
1785.537410 82.298922
1786.537647 76.371584
1787.537883 69.163693
1788.538120 62.542447
1789.538356 55.088018
1790.538593 48.585906
1791.538829 41.636273
1792.539066 35.850574
1793.539302 29.897426
1794.539539 25.157231
1795.539775 20.418117
1796.540012 16.807635
1797.540248 13.275296
1798.540485 10.702484
1799.540722 8.224227
1800.540958 6.501479
1801.541195 4.858351
1802.541431 3.771041
1803.541668 2.738346
1804.541904 2.090064
1805.542141 1.473314
1806.542377 1.107618
1807.542614 0.756918
1808.542850 0.561553
1809.543087 0.371382
1810.543323 0.272492
1811.543560 0.174027
1812.543797 0.126597
1813.544033 0.077869
1814.544270 0.056324
1815.544506 0.033260
1816.544743 0.024000
1817.544979 0.013553
1818.545216 0.009794
1819.545452 0.005265
1820.545689 0.003827
1821.545925 0.001948
1822.546162 0.001431
1823.546398 0.000686
1824.546635 0.000512
1825.546872 0.000229
1826.547108 0.000175
1827.547345 0.000073
1828.547581 0.000057
1829.547818 0.000022
1830.548054 0.000018
1831.548291 0.000006
1832.548527 0.000005
1833.548764 0.000002
1834.549000 0.000001
1835.549237 0.000000
1836.549474 0.000000
1837.549710 0.000000
1838.549947 0.000000
1839.550183 0.000000
1840.550420 0.000000
1841.550656 0.000000
1842.550893 0.000000
1843.551129 0.000000
